POS6 = [0.00000000000E+00,-80.7745;
6.25000000000E-11,-81.1892;
1.25000000000E-10,-81.5794;
1.87500000000E-10,-81.9503;
2.50000000000E-10,-82.3084;
3.12500000000E-10,-83.199;
3.75000000000E-10,-84.0689;
4.37500000000E-10,-84.9193;
5.00000000000E-10,-85.7584;
5.62500000000E-10,-86.5986;
6.25000000000E-10,-87.451;
6.87500000000E-10,-88.3183;
7.50000000000E-10,-89.1882;
8.12500000000E-10,-90.0304;
8.75000000000E-10,-90.7992;
9.37500000000E-10,-91.4443;
1.00000000000E-09,-91.9257;
1.06250000000E-09,-92.2261;
1.12500000000E-09,-92.3555;
1.18750000000E-09,-92.3463;
1.25000000000E-09,-92.2432;
1.31250000000E-09,-92.0911;
1.37500000000E-09,-91.9255;
1.43750000000E-09,-91.7637;
1.50000000000E-09,-91.6015;
1.56250000000E-09,-91.4164;
1.62500000000E-09,-91.1779;
1.68750000000E-09,-90.8611;
1.75000000000E-09,-90.458;
1.81250000000E-09,-89.9831;
1.87500000000E-09,-89.4713;
1.93750000000E-09,-88.9698;
2.00000000000E-09,-88.5276;
2.06250000000E-09,-88.1847;
2.12500000000E-09,-87.9631;
2.18750000000E-09,-87.8614;
2.25000000000E-09,-87.8587;
2.31250000000E-09,-87.9287;
2.37500000000E-09,-88.0545;
2.43750000000E-09,-88.2348;
2.50000000000E-09,-88.479;
2.56250000000E-09,-88.8024;
2.62500000000E-09,-89.2189;
2.68750000000E-09,-89.7243;
2.75000000000E-09,-90.2521;
2.81250000000E-09,-90.6672;
2.87500000000E-09,-90.8728;
2.93750000000E-09,-90.8524;
3.00000000000E-09,-90.6546;
3.06250000000E-09,-90.3833;
3.12500000000E-09,-90.1884;
3.18750000000E-09,-90.254;
3.25000000000E-09,-90.647;
3.31250000000E-09,-90.3418;
3.37500000000E-09,-89.3248;
3.43750000000E-09,-88.0263;
3.50000000000E-09,-86.8898;
3.56250000000E-09,-86.2666;
3.62500000000E-09,-85.8363;
3.68750000000E-09,-83.7524;
3.75000000000E-09,-79.9147;
3.81250000000E-09,-75.476;
3.87500000000E-09,-71.3117;
3.93750000000E-09,-67.5568;
4.00000000000E-09,-64.1955;
4.06250000000E-09,-61.1877;
4.12500000000E-09,-58.495;
4.18750000000E-09,-56.1057;
4.25000000000E-09,-54.0427;
4.31250000000E-09,-52.2873;
4.37500000000E-09,-50.8127;
4.43750000000E-09,-49.5975;
4.50000000000E-09,-48.6249;
4.56250000000E-09,-47.8822;
4.62500000000E-09,-47.3593;
4.68750000000E-09,-47.0484;
4.75000000000E-09,-46.9434;
4.81250000000E-09,-47.0391;
4.87500000000E-09,-47.3306;
4.93750000000E-09,-47.8128;
5.00000000000E-09,-48.4791;
5.06250000000E-09,-49.5002;
5.12500000000E-09,-50.5302;
5.18750000000E-09,-51.705;
5.25000000000E-09,-52.9966;
5.31250000000E-09,-54.3675;
5.37500000000E-09,-55.7705;
5.43750000000E-09,-57.1506;
5.50000000000E-09,-58.4519;
5.56250000000E-09,-59.6291;
5.62500000000E-09,-60.6613;
5.68750000000E-09,-61.56;
5.75000000000E-09,-62.3672;
5.81250000000E-09,-63.1412;
5.87500000000E-09,-63.9385;
5.93750000000E-09,-64.7964;
6.00000000000E-09,-65.7181;
6.06250000000E-09,-66.6639;
6.12500000000E-09,-67.5581;
6.18750000000E-09,-68.3055;
6.25000000000E-09,-68.8101;
6.31250000000E-09,-69.0009;
6.37500000000E-09,-68.8615;
6.43750000000E-09,-68.4428;
6.50000000000E-09,-67.8497;
6.56250000000E-09,-67.2107;
6.62500000000E-09,-66.6457;
6.68750000000E-09,-66.2404;
6.75000000000E-09,-66.045;
6.81250000000E-09,-66.0907;
6.87500000000E-09,-66.4063;
6.93750000000E-09,-67.029;
7.00000000000E-09,-68.0045;
7.06250000000E-09,-69.2507;
7.12500000000E-09,-70.4171;
7.18750000000E-09,-71.2631;
7.25000000000E-09,-71.5804;
7.31250000000E-09,-71.252;
7.37500000000E-09,-70.3215;
7.43750000000E-09,-68.9629;
7.50000000000E-09,-67.3831;
7.56250000000E-09,-65.7574;
7.62500000000E-09,-64.2843;
7.68750000000E-09,-63.1439;
7.75000000000E-09,-62.315;
7.81250000000E-09,-61.7609;
7.87500000000E-09,-61.4532;
7.93750000000E-09,-61.3659;
8.00000000000E-09,-61.4669;
8.06250000000E-09,-61.7083;
8.12500000000E-09,-62.0205;
8.18750000000E-09,-62.3191;
8.25000000000E-09,-62.5213;
8.31250000000E-09,-62.5616;
8.37500000000E-09,-62.4044;
8.43750000000E-09,-62.0507;
8.50000000000E-09,-61.536;
8.56250000000E-09,-60.9216;
8.62500000000E-09,-60.282;
8.68750000000E-09,-59.6897;
8.75000000000E-09,-59.2013;
8.81250000000E-09,-58.8508;
8.87500000000E-09,-58.6537;
8.93750000000E-09,-58.6147;
9.00000000000E-09,-58.7323;
9.06250000000E-09,-59.002;
9.12500000000E-09,-59.4165;
9.18750000000E-09,-59.9659;
9.25000000000E-09,-60.6355;
9.31250000000E-09,-61.4053;
9.37500000000E-09,-62.2489;
9.43750000000E-09,-63.1359;
9.50000000000E-09,-64.035;
9.56250000000E-09,-64.9206;
9.62500000000E-09,-65.7786;
9.68750000000E-09,-66.612;
9.75000000000E-09,-67.4461;
9.81250000000E-09,-68.3308;
9.87500000000E-09,-69.3423;
9.93750000000E-09,-70.5753;
1.00000000000E-08,-71.9668;
1.00625000000E-08,-73.2065;
1.01250000000E-08,-74.1563;
1.01875000000E-08,-74.7075;
1.02500000000E-08,-74.7914;
1.03125000000E-08,-74.4093;
1.03750000000E-08,-73.6324;
1.04375000000E-08,-72.5709;
1.05000000000E-08,-71.3457;
1.05625000000E-08,-70.1978;
1.06250000000E-08,-69.3451;
1.06875000000E-08,-68.701;
1.07500000000E-08,-68.1697;
1.08125000000E-08,-67.6763;
1.08750000000E-08,-67.17;
1.09375000000E-08,-66.6234;
1.10000000000E-08,-66.031;
1.10625000000E-08,-65.4051;
1.11250000000E-08,-64.7718;
1.11875000000E-08,-64.1641;
1.12500000000E-08,-63.615;
1.13125000000E-08,-63.1501;
1.13750000000E-08,-62.784;
1.14375000000E-08,-62.5208;
1.15000000000E-08,-62.3576;
1.15625000000E-08,-62.2873;
1.16250000000E-08,-62.302;
1.16875000000E-08,-62.3951;
1.17500000000E-08,-62.5624;
1.18125000000E-08,-62.8035;
1.18750000000E-08,-63.1218;
1.19375000000E-08,-63.5249;
1.20000000000E-08,-64.0235;
1.20625000000E-08,-64.6306;
1.21250000000E-08,-65.3587;
1.21875000000E-08,-66.2166;
1.22500000000E-08,-67.203;
1.23125000000E-08,-68.2995;
1.23750000000E-08,-69.4672;
1.24375000000E-08,-70.6523;
1.25000000000E-08,-71.7963;
1.25625000000E-08,-72.8409;
1.26250000000E-08,-73.7319;
1.26875000000E-08,-74.4211;
1.27500000000E-08,-74.8642;
1.28125000000E-08,-75.023;
1.28750000000E-08,-74.8806;
1.29375000000E-08,-74.4555;
1.30000000000E-08,-73.7868;
1.30625000000E-08,-72.9171;
1.31250000000E-08,-71.8925;
1.31875000000E-08,-70.7652;
1.32500000000E-08,-69.5933;
1.33125000000E-08,-68.4373;
1.33750000000E-08,-67.3543;
1.34375000000E-08,-66.3896;
1.35000000000E-08,-65.5692;
1.35625000000E-08,-64.9028;
1.36250000000E-08,-64.3892;
1.36875000000E-08,-64.0217;
1.37500000000E-08,-63.7909;
1.38125000000E-08,-63.6852;
1.38750000000E-08,-63.6916;
1.39375000000E-08,-63.795;
1.40000000000E-08,-63.9794;
1.40625000000E-08,-64.2281;
1.41250000000E-08,-64.5254;
1.41875000000E-08,-64.8579;
1.42500000000E-08,-65.2163;
1.43125000000E-08,-65.5958;
1.43750000000E-08,-65.996;
1.44375000000E-08,-66.4188;
1.45000000000E-08,-66.8654;
1.45625000000E-08,-67.3315;
1.46250000000E-08,-67.8031;
1.46875000000E-08,-68.2549;
1.47500000000E-08,-68.6546;
1.48125000000E-08,-68.9701;
1.48750000000E-08,-69.1765;
1.49375000000E-08,-69.2621;
1.50000000000E-08,-69.2309;
1.50625000000E-08,-69.1039;
1.51250000000E-08,-68.9172;
1.51875000000E-08,-68.7159;
1.52500000000E-08,-68.5464;
1.53125000000E-08,-68.4478;
1.53750000000E-08,-68.4472;
1.54375000000E-08,-68.5612;
1.55000000000E-08,-68.7993;
1.55625000000E-08,-69.1687;
1.56250000000E-08,-69.6773;
1.56875000000E-08,-70.335;
1.57500000000E-08,-71.1508;
1.58125000000E-08,-72.1163;
1.58750000000E-08,-73.1641;
1.59375000000E-08,-74.1428;
1.60000000000E-08,-74.8731;
1.60625000000E-08,-75.2002;
1.61250000000E-08,-75.0348;
1.61875000000E-08,-74.3841;
1.62500000000E-08,-73.3441;
1.63125000000E-08,-72.0571;
1.63750000000E-08,-70.6725;
1.64375000000E-08,-69.3287;
1.65000000000E-08,-68.1255;
1.65625000000E-08,-67.098;
1.66250000000E-08,-66.2434;
1.66875000000E-08,-65.5494;
1.67500000000E-08,-65.0033;
1.68125000000E-08,-64.5952;
1.68750000000E-08,-64.3178;
1.69375000000E-08,-64.1665;
1.70000000000E-08,-64.1388;
1.70625000000E-08,-64.2347;
1.71250000000E-08,-64.4566;
1.71875000000E-08,-64.8091;
1.72500000000E-08,-65.3003;
1.73125000000E-08,-65.938;
1.73750000000E-08,-66.7426;
1.74375000000E-08,-67.7372;
1.75000000000E-08,-68.9549;
1.75625000000E-08,-70.4452;
1.76250000000E-08,-72.2843;
1.76875000000E-08,-74.2429;
1.77500000000E-08,-76.1706;
1.78125000000E-08,-77.922;
