POS8 = [0.00000000000E+00,-93.8638;
6.25000000000E-11,-93.4981;
1.25000000000E-10,-93.3105;
1.87500000000E-10,-93.2693;
2.50000000000E-10,-93.3483;
3.12500000000E-10,-93.1428;
3.75000000000E-10,-93.2811;
4.37500000000E-10,-93.736;
5.00000000000E-10,-94.4807;
5.62500000000E-10,-95.4979;
6.25000000000E-10,-96.7737;
6.87500000000E-10,-98.2689;
7.50000000000E-10,-99.8487;
8.12500000000E-10,-101.278;
8.75000000000E-10,-102.266;
9.37500000000E-10,-102.54;
1.00000000000E-09,-101.991;
1.06250000000E-09,-100.753;
1.12500000000E-09,-99.1053;
1.18750000000E-09,-97.3177;
1.25000000000E-09,-95.5925;
1.31250000000E-09,-94.0697;
1.37500000000E-09,-96.6736;
1.43750000000E-09,-96.5138;
1.50000000000E-09,-96.3194;
1.56250000000E-09,-96.1019;
1.62500000000E-09,-95.8821;
1.68750000000E-09,-95.6872;
1.75000000000E-09,-95.535;
1.81250000000E-09,-95.422;
1.87500000000E-09,-95.3218;
1.93750000000E-09,-95.1931;
2.00000000000E-09,-95.0006;
2.06250000000E-09,-94.7406;
2.12500000000E-09,-94.4539;
2.18750000000E-09,-94.2132;
2.25000000000E-09,-94.0906;
2.31250000000E-09,-94.1236;
2.37500000000E-09,-94.2885;
2.43750000000E-09,-94.5114;
2.50000000000E-09,-94.7422;
2.56250000000E-09,-95.0002;
2.62500000000E-09,-95.3226;
2.68750000000E-09,-95.6538;
2.75000000000E-09,-95.7758;
2.81250000000E-09,-95.4814;
2.87500000000E-09,-94.8101;
2.93750000000E-09,-94.0387;
3.00000000000E-09,-93.4747;
3.06250000000E-09,-93.1182;
3.12500000000E-09,-92.3779;
3.18750000000E-09,-90.9225;
3.25000000000E-09,-89.0865;
3.31250000000E-09,-87.4319;
3.37500000000E-09,-86.4173;
3.43750000000E-09,-85.9975;
3.50000000000E-09,-84.1563;
3.56250000000E-09,-80.4819;
3.62500000000E-09,-76.0625;
3.68750000000E-09,-71.7589;
3.75000000000E-09,-67.8462;
3.81250000000E-09,-64.3474;
3.87500000000E-09,-61.2254;
3.93750000000E-09,-58.4362;
4.00000000000E-09,-55.9556;
4.06250000000E-09,-53.8104;
4.12500000000E-09,-51.9818;
4.18750000000E-09,-50.4413;
4.25000000000E-09,-49.166;
4.31250000000E-09,-48.1384;
4.37500000000E-09,-47.345;
4.43750000000E-09,-46.7756;
4.50000000000E-09,-46.4223;
4.56250000000E-09,-46.2788;
4.62500000000E-09,-46.3401;
4.68750000000E-09,-46.6017;
4.75000000000E-09,-47.0591;
4.81250000000E-09,-47.7066;
4.87500000000E-09,-48.5359;
4.93750000000E-09,-49.5348;
5.00000000000E-09,-50.6849;
5.06250000000E-09,-51.9555;
5.12500000000E-09,-53.3168;
5.18750000000E-09,-54.7156;
5.25000000000E-09,-56.091;
5.31250000000E-09,-57.3757;
5.37500000000E-09,-58.5078;
5.43750000000E-09,-59.4469;
5.50000000000E-09,-60.1868;
5.56250000000E-09,-60.7567;
5.62500000000E-09,-61.2092;
5.68750000000E-09,-61.6033;
5.75000000000E-09,-61.9927;
5.81250000000E-09,-62.4215;
5.87500000000E-09,-62.9266;
5.93750000000E-09,-63.5416;
6.00000000000E-09,-64.3005;
6.06250000000E-09,-65.2418;
6.12500000000E-09,-66.412;
6.18750000000E-09,-67.8465;
6.25000000000E-09,-69.3927;
6.31250000000E-09,-70.8209;
6.37500000000E-09,-71.9774;
6.43750000000E-09,-72.7132;
6.50000000000E-09,-72.9098;
6.56250000000E-09,-72.5287;
6.62500000000E-09,-71.6358;
6.68750000000E-09,-70.3769;
6.75000000000E-09,-68.9476;
6.81250000000E-09,-67.6526;
6.87500000000E-09,-66.6078;
6.93750000000E-09,-65.761;
7.00000000000E-09,-65.0628;
7.06250000000E-09,-64.4793;
7.12500000000E-09,-63.9896;
7.18750000000E-09,-63.5821;
7.25000000000E-09,-63.2521;
7.31250000000E-09,-62.9985;
7.37500000000E-09,-62.8215;
7.43750000000E-09,-62.7213;
7.50000000000E-09,-62.697;
7.56250000000E-09,-62.7461;
7.62500000000E-09,-62.8648;
7.68750000000E-09,-63.0477;
7.75000000000E-09,-63.2883;
7.81250000000E-09,-63.5793;
7.87500000000E-09,-63.9134;
7.93750000000E-09,-64.2847;
8.00000000000E-09,-64.6896;
8.06250000000E-09,-65.129;
8.12500000000E-09,-65.609;
8.18750000000E-09,-66.1417;
8.25000000000E-09,-66.7444;
8.31250000000E-09,-67.4394;
8.37500000000E-09,-68.2531;
8.43750000000E-09,-69.2172;
8.50000000000E-09,-70.3753;
8.56250000000E-09,-71.7966;
8.62500000000E-09,-73.5383;
8.68750000000E-09,-75.164;
8.75000000000E-09,-76.3099;
8.81250000000E-09,-76.5608;
8.87500000000E-09,-75.6987;
8.93750000000E-09,-73.9158;
9.00000000000E-09,-71.6374;
9.06250000000E-09,-69.228;
9.12500000000E-09,-66.8938;
9.18750000000E-09,-64.7464;
9.25000000000E-09,-62.9415;
9.31250000000E-09,-61.4328;
9.37500000000E-09,-60.178;
9.43750000000E-09,-59.1457;
9.50000000000E-09,-58.3104;
9.56250000000E-09,-57.6496;
9.62500000000E-09,-57.1434;
9.68750000000E-09,-56.774;
9.75000000000E-09,-56.5258;
9.81250000000E-09,-56.3859;
9.87500000000E-09,-56.3442;
9.93750000000E-09,-56.3932;
1.00000000000E-08,-56.5285;
1.00625000000E-08,-56.7478;
1.01250000000E-08,-57.0508;
1.01875000000E-08,-57.4377;
1.02500000000E-08,-57.9087;
1.03125000000E-08,-58.4623;
1.03750000000E-08,-59.0956;
1.04375000000E-08,-59.8041;
1.05000000000E-08,-60.5826;
1.05625000000E-08,-61.4276;
1.06250000000E-08,-62.3384;
1.06875000000E-08,-63.3204;
1.07500000000E-08,-64.3859;
1.08125000000E-08,-65.556;
1.08750000000E-08,-66.8561;
1.09375000000E-08,-68.2967;
1.10000000000E-08,-69.8232;
1.10625000000E-08,-71.3255;
1.11250000000E-08,-72.7054;
1.11875000000E-08,-73.8775;
1.12500000000E-08,-74.7684;
1.13125000000E-08,-75.3326;
1.13750000000E-08,-75.5702;
1.14375000000E-08,-75.537;
1.15000000000E-08,-75.3524;
1.15625000000E-08,-75.1983;
1.16250000000E-08,-75.1727;
1.16875000000E-08,-75.2171;
1.17500000000E-08,-75.2372;
1.18125000000E-08,-75.1573;
1.18750000000E-08,-74.9303;
1.19375000000E-08,-74.5416;
1.20000000000E-08,-74.0105;
1.20625000000E-08,-73.3886;
1.21250000000E-08,-72.7559;
1.21875000000E-08,-72.2043;
1.22500000000E-08,-71.7973;
1.23125000000E-08,-71.5496;
1.23750000000E-08,-71.4435;
1.24375000000E-08,-71.4476;
1.25000000000E-08,-71.5285;
1.25625000000E-08,-71.6556;
1.26250000000E-08,-71.8043;
1.26875000000E-08,-71.9574;
1.27500000000E-08,-72.1045;
1.28125000000E-08,-72.2407;
1.28750000000E-08,-72.3626;
1.29375000000E-08,-72.4637;
1.30000000000E-08,-72.5301;
1.30625000000E-08,-72.5406;
1.31250000000E-08,-72.4708;
1.31875000000E-08,-72.3003;
1.32500000000E-08,-72.0201;
1.33125000000E-08,-71.637;
1.33750000000E-08,-71.1746;
1.34375000000E-08,-70.6695;
1.35000000000E-08,-70.166;
1.35625000000E-08,-69.7091;
1.36250000000E-08,-69.3382;
1.36875000000E-08,-69.0832;
1.37500000000E-08,-68.9614;
1.38125000000E-08,-68.9742;
1.38750000000E-08,-69.1033;
1.39375000000E-08,-69.3073;
1.40000000000E-08,-69.5264;
1.40625000000E-08,-69.696;
1.41250000000E-08,-69.7622;
1.41875000000E-08,-69.6905;
1.42500000000E-08,-69.4715;
1.43125000000E-08,-69.1206;
1.43750000000E-08,-68.6753;
1.44375000000E-08,-68.1883;
1.45000000000E-08,-67.7184;
1.45625000000E-08,-67.318;
1.46250000000E-08,-67.0216;
1.46875000000E-08,-66.8447;
1.47500000000E-08,-66.7877;
1.48125000000E-08,-66.8422;
1.48750000000E-08,-66.9951;
1.49375000000E-08,-67.232;
1.50000000000E-08,-67.5388;
1.50625000000E-08,-67.904;
1.51250000000E-08,-68.3197;
1.51875000000E-08,-68.7824;
1.52500000000E-08,-69.2935;
1.53125000000E-08,-69.8568;
1.53750000000E-08,-70.4749;
1.54375000000E-08,-71.1418;
1.55000000000E-08,-71.8325;
1.55625000000E-08,-72.4956;
1.56250000000E-08,-73.0582;
1.56875000000E-08,-73.4429;
1.57500000000E-08,-73.5861;
1.58125000000E-08,-73.4531;
1.58750000000E-08,-73.0465;
1.59375000000E-08,-72.4048;
1.60000000000E-08,-71.593;
1.60625000000E-08,-70.6876;
1.61250000000E-08,-69.7598;
1.61875000000E-08,-68.8607;
1.62500000000E-08,-68.0174;
1.63125000000E-08,-67.2397;
1.63750000000E-08,-66.5293;
1.64375000000E-08,-65.8857;
1.65000000000E-08,-65.3093;
1.65625000000E-08,-64.8028;
1.66250000000E-08,-64.371;
1.66875000000E-08,-64.0198;
1.67500000000E-08,-63.7561;
1.68125000000E-08,-63.587;
1.68750000000E-08,-63.5186;
1.69375000000E-08,-63.5557;
1.70000000000E-08,-63.7008;
1.70625000000E-08,-63.9536;
1.71250000000E-08,-64.3094;
1.71875000000E-08,-64.758;
1.72500000000E-08,-65.2819;
1.73125000000E-08,-65.8549;
1.73750000000E-08,-66.4429;
1.74375000000E-08,-67.0055;
1.75000000000E-08,-67.5016;
1.75625000000E-08,-67.8963;
1.76250000000E-08,-68.1695;
1.76875000000E-08,-68.3211;
1.77500000000E-08,-68.3725;
1.78125000000E-08,-68.3628;
