POS9 = [0.00000000000E+00,-92.5735;
6.25000000000E-11,-92.3698;
1.25000000000E-10,-92.093;
1.87500000000E-10,-91.8027;
2.50000000000E-10,-91.5382;
3.12500000000E-10,-91.3253;
3.75000000000E-10,-90.9951;
4.37500000000E-10,-90.6647;
5.00000000000E-10,-90.4301;
5.62500000000E-10,-90.3479;
6.25000000000E-10,-90.4389;
6.87500000000E-10,-90.702;
7.50000000000E-10,-91.1207;
8.12500000000E-10,-91.6651;
8.75000000000E-10,-92.2915;
9.37500000000E-10,-92.9454;
1.00000000000E-09,-93.569;
1.06250000000E-09,-94.1104;
1.12500000000E-09,-94.534;
1.18750000000E-09,-94.829;
1.25000000000E-09,-95.0141;
1.31250000000E-09,-95.1373;
1.37500000000E-09,-95.2692;
1.43750000000E-09,-95.4921;
1.50000000000E-09,-95.8886;
1.56250000000E-09,-96.5329;
1.62500000000E-09,-97.4909;
1.68750000000E-09,-98.8253;
1.75000000000E-09,-100.446;
1.81250000000E-09,-102.224;
1.87500000000E-09,-104.058;
1.93750000000E-09,-105.588;
2.00000000000E-09,-106.26;
2.06250000000E-09,-105.732;
2.12500000000E-09,-104.25;
2.18750000000E-09,-102.391;
2.25000000000E-09,-100.622;
2.31250000000E-09,-99.3234;
2.37500000000E-09,-98.597;
2.43750000000E-09,-98.3787;
2.50000000000E-09,-98.5346;
2.56250000000E-09,-98.751;
2.62500000000E-09,-98.9259;
2.68750000000E-09,-98.9621;
2.75000000000E-09,-98.6867;
2.81250000000E-09,-97.9736;
2.87500000000E-09,-96.8872;
2.93750000000E-09,-95.6696;
3.00000000000E-09,-94.5947;
3.06250000000E-09,-93.7619;
3.12500000000E-09,-92.7114;
3.18750000000E-09,-91.0716;
3.25000000000E-09,-89.0914;
3.31250000000E-09,-87.217;
3.37500000000E-09,-85.8483;
3.43750000000E-09,-85.3288;
3.50000000000E-09,-84.7766;
3.56250000000E-09,-82.137;
3.62500000000E-09,-78.053;
3.68750000000E-09,-73.7077;
3.75000000000E-09,-69.6386;
3.81250000000E-09,-65.9634;
3.87500000000E-09,-62.6741;
3.93750000000E-09,-59.7326;
4.00000000000E-09,-57.0997;
4.06250000000E-09,-54.7823;
4.12500000000E-09,-52.8045;
4.18750000000E-09,-51.1327;
4.25000000000E-09,-49.7386;
4.31250000000E-09,-48.6014;
4.37500000000E-09,-47.7048;
4.43750000000E-09,-47.0369;
4.50000000000E-09,-46.5881;
4.56250000000E-09,-46.3513;
4.62500000000E-09,-46.3206;
4.68750000000E-09,-46.491;
4.75000000000E-09,-46.8578;
4.81250000000E-09,-47.4154;
4.87500000000E-09,-48.1566;
4.93750000000E-09,-49.0707;
5.00000000000E-09,-50.1416;
5.06250000000E-09,-51.329;
5.12500000000E-09,-52.6333;
5.18750000000E-09,-53.9944;
5.25000000000E-09,-55.3568;
5.31250000000E-09,-56.657;
5.37500000000E-09,-57.8315;
5.43750000000E-09,-58.8311;
5.50000000000E-09,-59.6349;
5.56250000000E-09,-60.256;
5.62500000000E-09,-60.7341;
5.68750000000E-09,-61.1206;
5.75000000000E-09,-61.4644;
5.81250000000E-09,-61.8052;
5.87500000000E-09,-62.1743;
5.93750000000E-09,-62.5966;
6.00000000000E-09,-63.0941;
6.06250000000E-09,-63.6874;
6.12500000000E-09,-64.3988;
6.18750000000E-09,-65.2531;
6.25000000000E-09,-66.2768;
6.31250000000E-09,-67.4809;
6.37500000000E-09,-68.8031;
6.43750000000E-09,-70.0926;
6.50000000000E-09,-71.1833;
6.56250000000E-09,-71.9021;
6.62500000000E-09,-72.0974;
6.68750000000E-09,-71.7086;
6.75000000000E-09,-70.8066;
6.81250000000E-09,-69.5606;
6.87500000000E-09,-68.1727;
6.93750000000E-09,-66.8407;
7.00000000000E-09,-65.6877;
7.06250000000E-09,-64.7296;
7.12500000000E-09,-63.9466;
7.18750000000E-09,-63.316;
7.25000000000E-09,-62.8195;
7.31250000000E-09,-62.4421;
7.37500000000E-09,-62.1726;
7.43750000000E-09,-62.0021;
7.50000000000E-09,-61.924;
7.56250000000E-09,-61.9335;
7.62500000000E-09,-62.0272;
7.68750000000E-09,-62.2022;
7.75000000000E-09,-62.4554;
7.81250000000E-09,-62.7825;
7.87500000000E-09,-63.1771;
7.93750000000E-09,-63.6296;
8.00000000000E-09,-64.1261;
8.06250000000E-09,-64.6475;
8.12500000000E-09,-65.1673;
8.18750000000E-09,-65.6511;
8.25000000000E-09,-66.0557;
8.31250000000E-09,-66.3309;
8.37500000000E-09,-66.4255;
8.43750000000E-09,-66.2962;
8.50000000000E-09,-65.9192;
8.56250000000E-09,-65.2985;
8.62500000000E-09,-64.4669;
8.68750000000E-09,-63.4789;
8.75000000000E-09,-62.3981;
8.81250000000E-09,-61.2867;
8.87500000000E-09,-60.1979;
8.93750000000E-09,-59.1736;
9.00000000000E-09,-58.2443;
9.06250000000E-09,-57.4314;
9.12500000000E-09,-56.7491;
9.18750000000E-09,-56.2068;
9.25000000000E-09,-55.8101;
9.31250000000E-09,-55.5627;
9.37500000000E-09,-55.4674;
9.43750000000E-09,-55.5264;
9.50000000000E-09,-55.7429;
9.56250000000E-09,-56.1208;
9.62500000000E-09,-56.6664;
9.68750000000E-09,-57.3879;
9.75000000000E-09,-58.2958;
9.81250000000E-09,-59.3995;
9.87500000000E-09,-60.6958;
9.93750000000E-09,-62.1405;
1.00000000000E-08,-63.6342;
1.00625000000E-08,-65.0535;
1.01250000000E-08,-66.2649;
1.01875000000E-08,-67.1359;
1.02500000000E-08,-67.5678;
1.03125000000E-08,-67.5387;
1.03750000000E-08,-67.1207;
1.04375000000E-08,-66.4638;
1.05000000000E-08,-65.7591;
1.05625000000E-08,-65.1619;
1.06250000000E-08,-64.7296;
1.06875000000E-08,-64.4599;
1.07500000000E-08,-64.3342;
1.08125000000E-08,-64.333;
1.08750000000E-08,-64.4391;
1.09375000000E-08,-64.6369;
1.10000000000E-08,-64.911;
1.10625000000E-08,-65.2446;
1.11250000000E-08,-65.6183;
1.11875000000E-08,-66.0115;
1.12500000000E-08,-66.4048;
1.13125000000E-08,-66.7831;
1.13750000000E-08,-67.1379;
1.14375000000E-08,-67.4677;
1.15000000000E-08,-67.7775;
1.15625000000E-08,-68.0757;
1.16250000000E-08,-68.3709;
1.16875000000E-08,-68.5473;
1.17500000000E-08,-68.8026;
1.18125000000E-08,-69.0604;
1.18750000000E-08,-69.3171;
1.19375000000E-08,-69.5713;
1.20000000000E-08,-69.8262;
1.20625000000E-08,-70.0917;
1.21250000000E-08,-70.385;
1.21875000000E-08,-70.7306;
1.22500000000E-08,-71.156;
1.23125000000E-08,-71.6792;
1.23750000000E-08,-72.2848;
1.24375000000E-08,-72.9066;
1.25000000000E-08,-73.4475;
1.25625000000E-08,-73.8131;
1.26250000000E-08,-73.9293;
1.26875000000E-08,-73.7565;
1.27500000000E-08,-73.3015;
1.28125000000E-08,-72.6184;
1.28750000000E-08,-71.7978;
1.29375000000E-08,-70.9501;
1.30000000000E-08,-70.1795;
1.30625000000E-08,-69.5509;
1.31250000000E-08,-69.0854;
1.31875000000E-08,-68.78;
1.32500000000E-08,-68.6222;
1.33125000000E-08,-68.5956;
1.33750000000E-08,-68.681;
1.34375000000E-08,-68.8562;
1.35000000000E-08,-69.0953;
1.35625000000E-08,-69.3677;
1.36250000000E-08,-69.6399;
1.36875000000E-08,-69.8775;
1.37500000000E-08,-70.0496;
1.38125000000E-08,-70.1335;
1.38750000000E-08,-70.1183;
1.39375000000E-08,-70.0064;
1.40000000000E-08,-69.8117;
1.40625000000E-08,-69.5565;
1.41250000000E-08,-69.2667;
1.41875000000E-08,-68.9673;
1.42500000000E-08,-68.6798;
1.43125000000E-08,-68.4206;
1.43750000000E-08,-68.2018;
1.44375000000E-08,-68.0321;
1.45000000000E-08,-67.9181;
1.45625000000E-08,-67.8657;
1.46250000000E-08,-67.8807;
1.46875000000E-08,-67.9687;
1.47500000000E-08,-68.1355;
1.48125000000E-08,-68.3861;
1.48750000000E-08,-68.7236;
1.49375000000E-08,-69.1485;
1.50000000000E-08,-69.6567;
1.50625000000E-08,-70.2384;
1.51250000000E-08,-70.8764;
1.51875000000E-08,-71.5458;
1.52500000000E-08,-72.2145;
1.53125000000E-08,-72.8452;
1.53750000000E-08,-73.4016;
1.54375000000E-08,-73.8538;
1.55000000000E-08,-74.1854;
1.55625000000E-08,-74.3955;
1.56250000000E-08,-74.4963;
1.56875000000E-08,-74.507;
1.57500000000E-08,-74.4466;
1.58125000000E-08,-74.3304;
1.58750000000E-08,-74.1704;
1.59375000000E-08,-73.9782;
1.60000000000E-08,-73.7686;
1.60625000000E-08,-73.5598;
1.61250000000E-08,-73.3723;
1.61875000000E-08,-73.2245;
1.62500000000E-08,-73.1265;
1.63125000000E-08,-73.0696;
1.63750000000E-08,-73.0176;
1.64375000000E-08,-72.9116;
1.65000000000E-08,-72.6934;
1.65625000000E-08,-72.3277;
1.66250000000E-08,-71.81;
1.66875000000E-08,-71.1628;
1.67500000000E-08,-70.4275;
1.68125000000E-08,-69.6567;
1.68750000000E-08,-68.9098;
1.69375000000E-08,-68.2478;
1.70000000000E-08,-67.7252;
1.70625000000E-08,-67.3808;
1.71250000000E-08,-67.2345;
1.71875000000E-08,-67.2922;
1.72500000000E-08,-67.5506;
1.73125000000E-08,-67.9993;
1.73750000000E-08,-68.6205;
1.74375000000E-08,-69.3868;
1.75000000000E-08,-70.2584;
1.75625000000E-08,-71.1806;
1.76250000000E-08,-72.0848;
1.76875000000E-08,-72.8936;
1.77500000000E-08,-73.5331;
1.78125000000E-08,-73.9508;
