POS3 = [0.00000000000E+00,-94.0387;
6.25000000000E-11,-93.8386;
1.25000000000E-10,-93.743;
1.87500000000E-10,-93.7216;
2.50000000000E-10,-93.7453;
3.12500000000E-10,-93.5983;
3.75000000000E-10,-93.5586;
4.37500000000E-10,-93.6616;
5.00000000000E-10,-93.8942;
5.62500000000E-10,-94.2325;
6.25000000000E-10,-94.6599;
6.87500000000E-10,-95.1805;
7.50000000000E-10,-95.8333;
8.12500000000E-10,-96.706;
8.75000000000E-10,-97.9434;
9.37500000000E-10,-99.1337;
1.00000000000E-09,-99.7926;
1.06250000000E-09,-99.6832;
1.12500000000E-09,-98.7794;
1.18750000000E-09,-97.2896;
1.25000000000E-09,-95.5045;
1.31250000000E-09,-93.6528;
1.37500000000E-09,-91.8649;
1.43750000000E-09,-90.2015;
1.50000000000E-09,-88.8737;
1.56250000000E-09,-87.9207;
1.62500000000E-09,-87.2867;
1.68750000000E-09,-86.9313;
1.75000000000E-09,-86.826;
1.81250000000E-09,-86.953;
1.87500000000E-09,-87.3055;
1.93750000000E-09,-87.8865;
2.00000000000E-09,-88.7076;
2.06250000000E-09,-89.7824;
2.12500000000E-09,-91.093;
2.18750000000E-09,-92.5063;
2.25000000000E-09,-93.8718;
2.31250000000E-09,-95.0979;
2.37500000000E-09,-96.1104;
2.43750000000E-09,-96.8478;
2.50000000000E-09,-97.2915;
2.56250000000E-09,-97.506;
2.62500000000E-09,-97.657;
2.68750000000E-09,-98.0125;
2.75000000000E-09,-98.0666;
2.81250000000E-09,-97.7057;
2.87500000000E-09,-97.1049;
2.93750000000E-09,-96.4967;
3.00000000000E-09,-96.0407;
3.06250000000E-09,-95.4978;
3.12500000000E-09,-94.1702;
3.18750000000E-09,-91.9138;
3.25000000000E-09,-89.2834;
3.31250000000E-09,-87.1369;
3.37500000000E-09,-85.8024;
3.43750000000E-09,-85.2922;
3.50000000000E-09,-83.8446;
3.56250000000E-09,-80.5819;
3.62500000000E-09,-76.3992;
3.68750000000E-09,-72.1833;
3.75000000000E-09,-68.2828;
3.81250000000E-09,-64.7666;
3.87500000000E-09,-61.6177;
3.93750000000E-09,-58.7992;
4.00000000000E-09,-56.2833;
4.06250000000E-09,-54.0983;
4.12500000000E-09,-52.236;
4.18750000000E-09,-50.6666;
4.25000000000E-09,-49.366;
4.31250000000E-09,-48.3157;
4.37500000000E-09,-47.5018;
4.43750000000E-09,-46.9135;
4.50000000000E-09,-46.5425;
4.56250000000E-09,-46.3825;
4.62500000000E-09,-46.4284;
4.68750000000E-09,-46.6755;
4.75000000000E-09,-47.1194;
4.81250000000E-09,-47.7545;
4.87500000000E-09,-48.5729;
4.93750000000E-09,-49.5627;
5.00000000000E-09,-50.706;
5.06250000000E-09,-51.9766;
5.12500000000E-09,-53.3381;
5.18750000000E-09,-54.7421;
5.25000000000E-09,-56.1287;
5.31250000000E-09,-57.4312;
5.37500000000E-09,-58.5878;
5.43750000000E-09,-59.5572;
5.50000000000E-09,-60.3327;
5.56250000000E-09,-60.9435;
5.62500000000E-09,-61.4439;
5.68750000000E-09,-61.8955;
5.75000000000E-09,-62.3555;
5.81250000000E-09,-62.8724;
5.87500000000E-09,-63.489;
5.93750000000E-09,-64.2463;
6.00000000000E-09,-65.1893;
6.06250000000E-09,-66.3733;
6.12500000000E-09,-67.8682;
6.18750000000E-09,-69.675;
6.25000000000E-09,-71.2053;
6.31250000000E-09,-72.4549;
6.37500000000E-09,-73.2768;
6.43750000000E-09,-73.5673;
6.50000000000E-09,-73.3041;
6.56250000000E-09,-72.5517;
6.62500000000E-09,-71.4322;
6.68750000000E-09,-70.1031;
6.75000000000E-09,-68.9204;
6.81250000000E-09,-68.016;
6.87500000000E-09,-67.3058;
6.93750000000E-09,-66.7216;
7.00000000000E-09,-66.2158;
7.06250000000E-09,-65.7588;
7.12500000000E-09,-65.3371;
7.18750000000E-09,-64.9508;
7.25000000000E-09,-64.6087;
7.31250000000E-09,-64.3235;
7.37500000000E-09,-64.1059;
7.43750000000E-09,-63.9608;
7.50000000000E-09,-63.8849;
7.56250000000E-09,-63.8677;
7.62500000000E-09,-63.8935;
7.68750000000E-09,-63.9452;
7.75000000000E-09,-64.0081;
7.81250000000E-09,-64.0718;
7.87500000000E-09,-64.1317;
7.93750000000E-09,-64.1885;
8.00000000000E-09,-64.2482;
8.06250000000E-09,-64.3199;
8.12500000000E-09,-64.4138;
8.18750000000E-09,-64.5364;
8.25000000000E-09,-64.6874;
8.31250000000E-09,-64.8567;
8.37500000000E-09,-65.026;
8.43750000000E-09,-65.1721;
8.50000000000E-09,-65.2732;
8.56250000000E-09,-65.316;
8.62500000000E-09,-65.3011;
8.68750000000E-09,-65.2454;
8.75000000000E-09,-65.1805;
8.81250000000E-09,-65.1495;
8.87500000000E-09,-65.2019;
8.93750000000E-09,-65.3903;
9.00000000000E-09,-65.7661;
9.06250000000E-09,-66.3615;
9.12500000000E-09,-67.112;
9.18750000000E-09,-67.7836;
9.25000000000E-09,-68.1359;
9.31250000000E-09,-68.005;
9.37500000000E-09,-67.3281;
9.43750000000E-09,-66.1627;
9.50000000000E-09,-64.6506;
9.56250000000E-09,-62.9565;
9.62500000000E-09,-61.2282;
9.68750000000E-09,-59.6024;
9.75000000000E-09,-58.1889;
9.81250000000E-09,-57.0135;
9.87500000000E-09,-56.0614;
9.93750000000E-09,-55.3141;
1.00000000000E-08,-54.7557;
1.00625000000E-08,-54.3735;
1.01250000000E-08,-54.1568;
1.01875000000E-08,-54.0961;
1.02500000000E-08,-54.1821;
1.03125000000E-08,-54.4051;
1.03750000000E-08,-54.7551;
1.04375000000E-08,-55.2208;
1.05000000000E-08,-55.7903;
1.05625000000E-08,-56.4513;
1.06250000000E-08,-57.1914;
1.06875000000E-08,-57.9988;
1.07500000000E-08,-58.8635;
1.08125000000E-08,-59.7774;
1.08750000000E-08,-60.7345;
1.09375000000E-08,-61.7301;
1.10000000000E-08,-62.7581;
1.10625000000E-08,-63.8075;
1.11250000000E-08,-64.8584;
1.11875000000E-08,-65.8811;
1.12500000000E-08,-66.8393;
1.13125000000E-08,-67.6969;
1.13750000000E-08,-68.4252;
1.14375000000E-08,-69.0105;
1.15000000000E-08,-69.4596;
1.15625000000E-08,-69.8014;
1.16250000000E-08,-70.0846;
1.16875000000E-08,-70.3696;
1.17500000000E-08,-70.7159;
1.18125000000E-08,-71.1707;
1.18750000000E-08,-71.7599;
1.19375000000E-08,-72.4851;
1.20000000000E-08,-73.3235;
1.20625000000E-08,-74.2339;
1.21250000000E-08,-75.168;
1.21875000000E-08,-76.0805;
1.22500000000E-08,-76.9327;
1.23125000000E-08,-77.6915;
1.23750000000E-08,-78.3165;
1.24375000000E-08,-78.7398;
1.25000000000E-08,-78.8699;
1.25625000000E-08,-78.6452;
1.26250000000E-08,-78.0706;
1.26875000000E-08,-77.1977;
1.27500000000E-08,-76.0963;
1.28125000000E-08,-74.8405;
1.28750000000E-08,-73.5041;
1.29375000000E-08,-72.1594;
1.30000000000E-08,-70.8768;
1.30625000000E-08,-69.7162;
1.31250000000E-08,-68.7144;
1.31875000000E-08,-67.8861;
1.32500000000E-08,-67.2356;
1.33125000000E-08,-66.7655;
1.33750000000E-08,-66.4818;
1.34375000000E-08,-66.3968;
1.35000000000E-08,-66.5306;
1.35625000000E-08,-66.9135;
1.36250000000E-08,-67.5827;
1.36875000000E-08,-68.5355;
1.37500000000E-08,-69.5522;
1.38125000000E-08,-70.3583;
1.38750000000E-08,-70.7719;
1.39375000000E-08,-70.6802;
1.40000000000E-08,-70.0716;
1.40625000000E-08,-69.0362;
1.41250000000E-08,-67.7199;
1.41875000000E-08,-66.2732;
1.42500000000E-08,-64.8484;
1.43125000000E-08,-63.6398;
1.43750000000E-08,-62.7168;
1.44375000000E-08,-62.0505;
1.45000000000E-08,-61.6048;
1.45625000000E-08,-61.3479;
1.46250000000E-08,-61.2523;
1.46875000000E-08,-61.2938;
1.47500000000E-08,-61.4515;
1.48125000000E-08,-61.7086;
1.48750000000E-08,-62.0531;
1.49375000000E-08,-62.4794;
1.50000000000E-08,-62.9891;
1.50625000000E-08,-63.592;
1.51250000000E-08,-64.307;
1.51875000000E-08,-65.1634;
1.52500000000E-08,-66.201;
1.53125000000E-08,-67.4712;
1.53750000000E-08,-69.0183;
1.54375000000E-08,-70.717;
1.55000000000E-08,-72.3963;
1.55625000000E-08,-73.9369;
1.56250000000E-08,-75.1906;
1.56875000000E-08,-75.9972;
1.57500000000E-08,-76.2444;
1.58125000000E-08,-75.9271;
1.58750000000E-08,-75.1521;
1.59375000000E-08,-74.1132;
1.60000000000E-08,-73.1859;
1.60625000000E-08,-72.4675;
1.61250000000E-08,-71.8338;
1.61875000000E-08,-71.1784;
1.62500000000E-08,-70.4374;
1.63125000000E-08,-69.5911;
1.63750000000E-08,-68.6547;
1.64375000000E-08,-67.6668;
1.65000000000E-08,-66.6772;
1.65625000000E-08,-65.7382;
1.66250000000E-08,-64.8975;
1.66875000000E-08,-64.1915;
1.67500000000E-08,-63.6422;
1.68125000000E-08,-63.2589;
1.68750000000E-08,-63.0419;
1.69375000000E-08,-62.9856;
1.70000000000E-08,-63.08;
1.70625000000E-08,-63.3116;
1.71250000000E-08,-63.6628;
1.71875000000E-08,-64.1119;
1.72500000000E-08,-64.6327;
1.73125000000E-08,-65.1944;
1.73750000000E-08,-65.7634;
1.74375000000E-08,-66.3057;
1.75000000000E-08,-66.7913;
1.75625000000E-08,-67.1992;
1.76250000000E-08,-67.5215;
1.76875000000E-08,-67.7655;
1.77500000000E-08,-67.9523;
1.78125000000E-08,-68.1131;
