POS5 = [0.00000000000E+00,-93.4615;
6.25000000000E-11,-92.6072;
1.25000000000E-10,-91.939;
1.87500000000E-10,-91.4257;
2.50000000000E-10,-91.0428;
3.12500000000E-10,-90.1879;
3.75000000000E-10,-89.5857;
4.37500000000E-10,-89.2316;
5.00000000000E-10,-89.084;
5.62500000000E-10,-89.1028;
6.25000000000E-10,-89.2526;
6.87500000000E-10,-89.5019;
7.50000000000E-10,-89.8232;
8.12500000000E-10,-90.1933;
8.75000000000E-10,-90.5951;
9.37500000000E-10,-91.0194;
1.00000000000E-09,-91.4665;
1.06250000000E-09,-91.9475;
1.12500000000E-09,-92.4814;
1.18750000000E-09,-93.0849;
1.25000000000E-09,-93.7496;
1.31250000000E-09,-94.41;
1.37500000000E-09,-94.9474;
1.43750000000E-09,-95.2449;
1.50000000000E-09,-95.2334;
1.56250000000E-09,-94.9094;
1.62500000000E-09,-94.3277;
1.68750000000E-09,-93.5769;
1.75000000000E-09,-92.756;
1.81250000000E-09,-91.9635;
1.87500000000E-09,-91.2947;
1.93750000000E-09,-90.8216;
2.00000000000E-09,-90.573;
2.06250000000E-09,-90.5439;
2.12500000000E-09,-90.714;
2.18750000000E-09,-91.0602;
2.25000000000E-09,-91.5657;
2.31250000000E-09,-92.2259;
2.37500000000E-09,-93.0513;
2.43750000000E-09,-94.0681;
2.50000000000E-09,-95.2934;
2.56250000000E-09,-96.5721;
2.62500000000E-09,-97.614;
2.68750000000E-09,-98.2922;
2.75000000000E-09,-98.6099;
2.81250000000E-09,-98.6533;
2.87500000000E-09,-98.536;
2.93750000000E-09,-98.3515;
3.00000000000E-09,-98.1536;
3.06250000000E-09,-97.9843;
3.12500000000E-09,-98.0305;
3.18750000000E-09,-98.4602;
3.25000000000E-09,-99.2284;
3.31250000000E-09,-100.11;
3.37500000000E-09,-100.652;
3.43750000000E-09,-100.408;
3.50000000000E-09,-99.2922;
3.56250000000E-09,-97.6667;
3.62500000000E-09,-96.0271;
3.68750000000E-09,-94.7253;
3.75000000000E-09,-93.7985;
3.81250000000E-09,-92.7288;
3.87500000000E-09,-91.2526;
3.93750000000E-09,-89.6834;
4.00000000000E-09,-88.4322;
4.06250000000E-09,-87.801;
4.12500000000E-09,-87.1327;
4.18750000000E-09,-84.7213;
4.25000000000E-09,-80.7601;
4.31250000000E-09,-76.329;
4.37500000000E-09,-72.1261;
4.43750000000E-09,-68.3454;
4.50000000000E-09,-64.9768;
4.56250000000E-09,-61.9737;
4.62500000000E-09,-59.2939;
4.68750000000E-09,-56.9306;
4.75000000000E-09,-54.8959;
4.81250000000E-09,-53.1654;
4.87500000000E-09,-51.7138;
4.93750000000E-09,-50.5208;
5.00000000000E-09,-49.5707;
5.06250000000E-09,-48.8516;
5.12500000000E-09,-48.354;
5.18750000000E-09,-48.0708;
5.25000000000E-09,-47.9965;
5.31250000000E-09,-48.1264;
5.37500000000E-09,-48.4565;
5.43750000000E-09,-48.9821;
5.50000000000E-09,-49.6974;
5.56250000000E-09,-50.5938;
5.62500000000E-09,-51.6581;
5.68750000000E-09,-52.8703;
5.75000000000E-09,-54.2019;
5.81250000000E-09,-55.6132;
5.87500000000E-09,-57.0527;
5.93750000000E-09,-58.4584;
6.00000000000E-09,-59.7655;
6.06250000000E-09,-60.9199;
6.12500000000E-09,-61.8951;
6.18750000000E-09,-62.7022;
6.25000000000E-09,-63.386;
6.31250000000E-09,-64.0097;
6.37500000000E-09,-64.6362;
6.43750000000E-09,-65.3158;
6.50000000000E-09,-66.0796;
6.56250000000E-09,-66.9331;
6.62500000000E-09,-67.8465;
6.68750000000E-09,-68.7469;
6.75000000000E-09,-69.5259;
6.81250000000E-09,-70.0658;
6.87500000000E-09,-70.2791;
6.93750000000E-09,-70.1457;
7.00000000000E-09,-69.7221;
7.06250000000E-09,-69.1162;
7.12500000000E-09,-68.4493;
7.18750000000E-09,-67.83;
7.25000000000E-09,-67.3396;
7.31250000000E-09,-67.0253;
7.37500000000E-09,-66.9021;
7.43750000000E-09,-66.9607;
7.50000000000E-09,-67.1784;
7.56250000000E-09,-67.5265;
7.62500000000E-09,-67.9762;
7.68750000000E-09,-68.4964;
7.75000000000E-09,-69.0449;
7.81250000000E-09,-69.5549;
7.87500000000E-09,-69.9327;
7.93750000000E-09,-70.0861;
8.00000000000E-09,-69.9713;
8.06250000000E-09,-69.6107;
8.12500000000E-09,-69.0714;
8.18750000000E-09,-68.4331;
8.25000000000E-09,-67.7696;
8.31250000000E-09,-67.1479;
8.37500000000E-09,-66.6323;
8.43750000000E-09,-66.2845;
8.50000000000E-09,-66.1531;
8.56250000000E-09,-66.259;
8.62500000000E-09,-66.5851;
8.68750000000E-09,-67.0703;
8.75000000000E-09,-67.6242;
8.81250000000E-09,-68.1547;
8.87500000000E-09,-68.5807;
8.93750000000E-09,-68.8362;
9.00000000000E-09,-68.8786;
9.06250000000E-09,-68.7008;
9.12500000000E-09,-68.3398;
9.18750000000E-09,-67.876;
9.25000000000E-09,-67.4143;
9.31250000000E-09,-67.0425;
9.37500000000E-09,-66.8033;
9.43750000000E-09,-66.7036;
9.50000000000E-09,-66.7329;
9.56250000000E-09,-66.8727;
9.62500000000E-09,-67.0993;
9.68750000000E-09,-67.3827;
9.75000000000E-09,-67.6853;
9.81250000000E-09,-67.962;
9.87500000000E-09,-68.1611;
9.93750000000E-09,-68.2281;
1.00000000000E-08,-68.1112;
1.00625000000E-08,-67.7729;
1.01250000000E-08,-67.0182;
1.01875000000E-08,-66.2492;
1.02500000000E-08,-65.4787;
1.03125000000E-08,-64.3237;
1.03750000000E-08,-63.2835;
1.04375000000E-08,-62.2613;
1.05000000000E-08,-61.2965;
1.05625000000E-08,-60.4182;
1.06250000000E-08,-59.6474;
1.06875000000E-08,-58.9986;
1.07500000000E-08,-58.4805;
1.08125000000E-08,-58.0975;
1.08750000000E-08,-57.8504;
1.09375000000E-08,-57.7372;
1.10000000000E-08,-57.7542;
1.10625000000E-08,-57.8966;
1.11250000000E-08,-58.1593;
1.11875000000E-08,-58.5373;
1.12500000000E-08,-59.0272;
1.13125000000E-08,-59.6268;
1.13750000000E-08,-60.3367;
1.14375000000E-08,-61.1605;
1.15000000000E-08,-62.1058;
1.15625000000E-08,-63.1844;
1.16250000000E-08,-64.4139;
1.16875000000E-08,-65.8184;
1.17500000000E-08,-67.4307;
1.18125000000E-08,-69.2917;
1.18750000000E-08,-71.4054;
1.19375000000E-08,-73.6458;
1.20000000000E-08,-75.9154;
1.20625000000E-08,-78.0836;
1.21250000000E-08,-79.9512;
1.21875000000E-08,-81.2802;
1.22500000000E-08,-81.8988;
1.23125000000E-08,-81.8177;
1.23750000000E-08,-81.2406;
1.24375000000E-08,-80.5715;
1.25000000000E-08,-80.3042;
1.25625000000E-08,-80.4606;
1.26250000000E-08,-80.9692;
1.26875000000E-08,-81.7062;
1.27500000000E-08,-82.5038;
1.28125000000E-08,-83.234;
1.28750000000E-08,-83.8249;
1.29375000000E-08,-84.2539;
1.30000000000E-08,-84.5365;
1.30625000000E-08,-84.6759;
1.31250000000E-08,-84.5303;
1.31875000000E-08,-83.7928;
1.32500000000E-08,-82.3967;
1.33125000000E-08,-80.5474;
1.33750000000E-08,-78.4474;
1.34375000000E-08,-76.2448;
1.35000000000E-08,-74.0454;
1.35625000000E-08,-71.9215;
1.36250000000E-08,-69.926;
1.36875000000E-08,-68.1109;
1.37500000000E-08,-66.5263;
1.38125000000E-08,-65.1872;
1.38750000000E-08,-64.0824;
1.39375000000E-08,-63.1949;
1.40000000000E-08,-62.5084;
1.40625000000E-08,-62.0076;
1.41250000000E-08,-61.6789;
1.41875000000E-08,-61.5088;
1.42500000000E-08,-61.4833;
1.43125000000E-08,-61.5868;
1.43750000000E-08,-61.8022;
1.44375000000E-08,-62.1098;
1.45000000000E-08,-62.4888;
1.45625000000E-08,-62.9181;
1.46250000000E-08,-63.3788;
1.46875000000E-08,-63.8558;
1.47500000000E-08,-64.3405;
1.48125000000E-08,-64.8318;
1.48750000000E-08,-65.3368;
1.49375000000E-08,-65.8694;
1.50000000000E-08,-66.4481;
1.50625000000E-08,-67.0916;
1.51250000000E-08,-67.8124;
1.51875000000E-08,-68.611;
1.52500000000E-08,-69.4705;
1.53125000000E-08,-70.3569;
1.53750000000E-08,-71.2244;
1.54375000000E-08,-72.0212;
1.55000000000E-08,-72.6935;
1.55625000000E-08,-73.1891;
1.56250000000E-08,-73.465;
1.56875000000E-08,-73.4995;
1.57500000000E-08,-73.3041;
1.58125000000E-08,-72.9237;
1.58750000000E-08,-72.4198;
1.59375000000E-08,-71.8503;
1.60000000000E-08,-71.2608;
1.60625000000E-08,-70.6882;
1.61250000000E-08,-70.1657;
1.61875000000E-08,-69.7262;
1.62500000000E-08,-69.4031;
1.63125000000E-08,-69.2281;
1.63750000000E-08,-69.2296;
1.64375000000E-08,-69.4328;
1.65000000000E-08,-69.861;
1.65625000000E-08,-70.5377;
1.66250000000E-08,-71.4827;
1.66875000000E-08,-72.6859;
1.67500000000E-08,-74.0411;
1.68125000000E-08,-75.3933;
1.68750000000E-08,-76.6046;
1.69375000000E-08,-77.5383;
1.70000000000E-08,-78.0756;
1.70625000000E-08,-78.1552;
1.71250000000E-08,-77.8019;
1.71875000000E-08,-77.1231;
1.72500000000E-08,-76.2979;
1.73125000000E-08,-75.5587;
1.73750000000E-08,-75.0206;
1.74375000000E-08,-74.6698;
1.75000000000E-08,-74.4657;
1.75625000000E-08,-74.3731;
1.76250000000E-08,-74.3669;
1.76875000000E-08,-74.4327;
1.77500000000E-08,-74.5659;
1.78125000000E-08,-74.7715;
